3676000000
3983000000
3758000000
3645000000
3890000000
3859000000
3647000000
3744000000
3609000000
3777000000
3794000000
3673000000
3869000000
3617000000
3645000000
3821000000
3992000000
3814000000
3936000000
3842000000
3875000000
3709000000
3954000000
3707000000
3727000000
3645000000
3772000000
3675000000
3659000000
3829000000
3856000000
3880000000
3791000000
3673000000
3728000000
3702000000
3653000000
3849000000
3954000000
3801000000
3761000000
3871000000
3858000000
3999000000
3805000000
3979000000
3774000000
3691000000
3934000000
3871000000
3687000000
3634000000
3866000000
3911000000
3631000000
3611000000
3643000000
3879000000
3658000000
3833000000
3901000000
3854000000
3794000000
3664000000
3771000000
3795000000
3632000000
3848000000
3674000000
3663000000
3634000000
3653000000
3681000000
3737000000
3915000000
3868000000
3876000000
3955000000
3607000000
3807000000
3651000000
3889000000
3719000000
3839000000
3758000000
3886000000
3648000000
3637000000
3644000000
3712000000
3799000000
3771000000
3626000000
3872000000
3734000000
3733000000
3654000000
3673000000
3719000000
3889000000
3815000000
3778000000
3683000000
3924000000
3811000000
3619000000
3757000000
3833000000
3942000000
3901000000
3750000000
3734000000
3872000000
3826000000
3724000000
3822000000
3976000000
3814000000
3892000000
3684000000
3619000000
3638000000
3705000000
3636000000
3924000000
3881000000
3921000000
3660000000
3704000000
3618000000
3761000000
3859000000
3893000000
3735000000
3827000000
3663000000
3950000000
3940000000
3807000000
3806000000
3947000000
3845000000
3843000000
3952000000
3797000000
3653000000
3928000000
3786000000
3629000000
3866000000
3897000000
3849000000
3714000000
3718000000
3916000000
3991000000
3743000000
3649000000
3975000000
3810000000
3610000000
3795000000
3963000000
3628000000
3644000000
3991000000
3805000000
3605000000
3931000000
3730000000
3777000000
3950000000
3648000000
3778000000
3913000000
3921000000
3832000000
3907000000
3752000000
3670000000
3688000000
3765000000
3667000000
3686000000
3918000000
3977000000
3953000000
3972000000
3645000000
3813000000
3802000000
3619000000
3906000000
3746000000
3706000000
3729000000
3627000000
3983000000
3804000000
3988000000
3841000000
3771000000
3709000000
3863000000
3965000000
3962000000
3730000000
3924000000
3649000000
3804000000
3651000000
3704000000
3983000000
3962000000
3834000000
3801000000
3744000000
3772000000
3907000000
3723000000
3875000000
3828000000
3990000000
3798000000
3718000000
3684000000
3973000000
3656000000
3982000000
3800000000
3859000000
3724000000
3986000000
3796000000
3629000000
3823000000
3664000000
3883000000
3793000000
3820000000
3662000000
3729000000
3999000000
3893000000
3916000000
3771000000
3836000000
3823000000
3878000000
3769000000
3618000000
3612000000
3633000000
3973000000
3806000000
3683000000
3748000000
3772000000
3806000000
3812000000
3790000000
3752000000
3608000000
3770000000
3820000000
3880000000
3870000000
3766000000
3988000000
3882000000
3984000000
3635000000
3877000000
3714000000
3615000000
3614000000
3609000000
3749000000
3810000000
3989000000
3878000000
3602000000
3787000000
3943000000
3845000000
3700000000
3834000000
3879000000
3729000000
3756000000
3812000000
3679000000
3836000000
3617000000
3720000000
3735000000
3896000000
3936000000
3648000000
3750000000
3904000000
3675000000
3872000000
3684000000
3688000000
3609000000
3640000000
3716000000
3923000000
3863000000
3899000000
3948000000
3935000000
3634000000
3938000000
3801000000
3661000000
3792000000
3978000000
3689000000
3779000000
3617000000
3893000000
3718000000
3866000000
3970000000
3853000000
3960000000
3725000000
3782000000
3625000000
3923000000
3934000000
3787000000
3942000000
3843000000
3681000000
3655000000
3755000000
3966000000
3735000000
3722000000
3786000000
3668000000
3881000000
3866000000
3891000000
3627000000
3773000000
3825000000
3764000000
3629000000
3978000000
3869000000
3830000000
3679000000
3836000000
3633000000
3747000000
3682000000
3973000000
3752000000
3725000000
3981000000
3985000000
3736000000
3675000000
3685000000
3708000000
3683000000
3734000000
3644000000
3723000000
3864000000
3917000000
3704000000
3826000000
3861000000
3733000000
3739000000
3610000000
3821000000
3708000000
3659000000
3861000000
3827000000
3656000000
3777000000
3794000000
3669000000
3868000000
3925000000
3666000000
3718000000
3866000000
3695000000
3793000000
3738000000
3862000000
3997000000
3799000000
3790000000
3693000000
3919000000
3636000000
3783000000
3842000000
3965000000
3744000000
3978000000
3945000000
3644000000
3653000000
3918000000
3665000000
3853000000
3965000000
3663000000
3613000000
3833000000
3725000000
3640000000
3937000000
3946000000
3807000000
3781000000
3780000000
3826000000
3896000000
3822000000
3863000000
3935000000
3876000000
3979000000
3835000000
3912000000
3789000000
3924000000
3999000000
3763000000
3638000000
3923000000
3788000000
3864000000
3732000000
3803000000
3906000000
3851000000
3972000000
3912000000
3763000000
3719000000
3603000000
3822000000
3652000000
3760000000
3952000000
3929000000
3781000000
3638000000
3778000000
3607000000
3965000000
3977000000
3912000000
3747000000
3917000000
3743000000
3885000000
3790000000
3871000000
3601000000
3684000000
3610000000
3792000000
3616000000
3887000000
3706000000
3835000000
3977000000
3970000000
3702000000
3749000000
3669000000
3796000000
3890000000
3840000000
3935000000
3690000000
3944000000
3714000000
3850000000
3801000000
3724000000
3630000000
3753000000
3847000000
3996000000
3837000000
3925000000
3815000000
3749000000
3814000000
3782000000
3653000000
3866000000
3705000000
3968000000
3857000000
3783000000
3771000000
3638000000
3896000000
3849000000
3672000000
3862000000
3860000000
3803000000
3807000000
3652000000
3634000000
3727000000
3795000000
3971000000
3743000000
3843000000
3698000000
3783000000
3626000000
3856000000
3818000000
3896000000
3768000000
3753000000
3798000000
3705000000
3917000000
3887000000
3862000000
3819000000
3892000000
3668000000
3800000000
3739000000
3959000000
3752000000
3701000000
3668000000
3809000000
3671000000
3842000000
3965000000
3695000000
3708000000
3906000000
3787000000
3819000000
3885000000
3646000000
3637000000
3644000000
3749000000
3765000000
3748000000
3889000000
3981000000
3759000000
3793000000
3885000000
3703000000
3671000000
3937000000
3768000000
3942000000
3922000000
3682000000
3726000000
3753000000
3696000000
3702000000
3831000000
3811000000
3868000000
3813000000
3842000000
3622000000
3779000000
3659000000
3694000000
3961000000
3896000000
3718000000
3646000000
3970000000
3969000000
3787000000
3623000000
3813000000
3899000000
3976000000
3630000000
3721000000
3874000000
3647000000
3990000000
3652000000
3896000000
3726000000
3916000000
3943000000
3946000000
3779000000
3627000000
3649000000
3687000000
3700000000
3742000000
3937000000
3661000000
3642000000
3823000000
3610000000
3717000000
3616000000
3978000000
3624000000
3872000000
3911000000
3606000000
3683000000
3613000000
3715000000
3727000000
3837000000
3988000000
3932000000
3998000000
3923000000
3905000000
3969000000
3969000000
3853000000
3909000000
3821000000
3772000000
3828000000
3818000000
3648000000
3850000000
3951000000
3656000000
3828000000
3749000000
3962000000
3872000000
3846000000
3830000000
3941000000
3764000000
3610000000
3683000000
3960000000
3629000000
3715000000
3650000000
3604000000
3708000000
3955000000
3863000000
3626000000
3850000000
3887000000
3990000000
3770000000
3937000000
3932000000
3788000000
3990000000
3885000000
3894000000
3881000000
3827000000
3809000000
3806000000
3696000000
3734000000
3787000000
3704000000
3622000000
3665000000
3747000000
3690000000
3709000000
3824000000
3805000000
3800000000
3891000000
3971000000
3855000000
3645000000
3633000000
3857000000
3906000000
3823000000
3830000000
3806000000
3810000000
3928000000
3881000000
3665000000
3666000000
3757000000
3668000000
3749000000
3958000000
3623000000
3795000000
3853000000
3833000000
3939000000
3823000000
3933000000
3890000000
3780000000
3644000000
3843000000
3741000000
3976000000
3670000000
3852000000
3745000000
3846000000
3904000000
3602000000
3916000000
3922000000
3935000000
3888000000
3966000000
3690000000
3688000000
3809000000
3769000000
3823000000
3622000000
3759000000
3914000000
3955000000
3736000000
3668000000
3755000000
3801000000
3970000000
3694000000
3604000000
3780000000
3865000000
3831000000
3713000000
3910000000
3989000000
3628000000
3684000000
3649000000
3998000000
3741000000
3907000000
3687000000
3623000000
3915000000
3985000000
3635000000
3921000000
3833000000
3694000000
3800000000
3828000000
3893000000
3730000000
3718000000
3632000000
3897000000
3811000000
3810000000
3708000000
3984000000
3887000000
3767000000
3671000000
3676000000
3674000000
3803000000
3794000000
3684000000
4000000000
3603000000
3704000000
3693000000
3823000000
3877000000
3918000000
3778000000
3642000000
3648000000
3830000000
3698000000
3643000000
3943000000
3986000000
3668000000
3965000000
3964000000
3905000000
3804000000
3979000000
3628000000
3950000000
3746000000
3638000000
3912000000
3631000000
3856000000
3931000000
3959000000
3720000000
3815000000
3811000000
3621000000
3804000000
3820000000
3679000000
3805000000
3994000000
3783000000
3754000000
3730000000
3832000000
3651000000
3903000000
3616000000
3965000000
3953000000
3962000000
3986000000
3806000000
3979000000
3907000000
3855000000
3651000000
3821000000
3909000000
3917000000
3774000000
3712000000
3819000000
3662000000
3994000000
3646000000
3893000000
3750000000
3622000000
3848000000
3827000000
3720000000
3874000000
3975000000
3680000000
3792000000
3711000000
3827000000
3779000000
3630000000
3778000000
3684000000
3716000000
3909000000
3628000000
3962000000
3939000000
3722000000
3681000000
3980000000
3613000000
3983000000
3691000000
3657000000
3666000000
3638000000
3626000000
3858000000
3951000000
3811000000
3886000000
3679000000
3856000000
3627000000
3873000000
3613000000
3843000000
3959000000
3860000000
3805000000
3639000000
3867000000
3876000000
3663000000
3849000000
3629000000
3960000000
3964000000
3614000000
3701000000
3856000000
3864000000
3894000000
3645000000
3817000000
3752000000
3648000000
3908000000
3639000000
3932000000
3786000000
3925000000
3717000000
3895000000
3845000000
3850000000
3895000000
3862000000
3981000000
3651000000
3720000000
3941000000
3928000000
3948000000
3884000000
3660000000
3916000000
3661000000
3834000000
3929000000
3684000000
3946000000
3707000000
3789000000
3673000000
3974000000
3909000000
3666000000
3759000000
3787000000
3617000000
3695000000
3627000000
3924000000
3958000000
3604000000
3818000000
3772000000
3999000000
3851000000
3746000000
3737000000
3755000000
3802000000
3882000000
3692000000
3887000000
3967000000
3643000000
3603000000
3697000000
3835000000
3725000000
3648000000
3781000000
3983000000
3722000000
3773000000
3749000000
3672000000
3998000000
3771000000
3995000000
3944000000
3769000000
3741000000
3974000000
3764000000
3913000000
3914000000
3631000000
3704000000
3848000000
3882000000
3863000000
3943000000
3756000000
3995000000
3867000000
3939000000
3803000000
3650000000
3911000000
3962000000
3918000000
3911000000
3696000000
3901000000
3986000000
3672000000
3911000000
3944000000
3667000000
3670000000
3904000000
3897000000
3825000000
3967000000
3831000000
3971000000
3846000000
3626000000
3796000000
3678000000
3784000000
3604000000
3681000000
3767000000
3896000000
3962000000
3869000000
3820000000
3868000000
3981000000
3684000000
3660000000
3645000000
3954000000
3775000000
3716000000
3900000000
3962000000
3856000000
3713000000
3697000000
3712000000
3919000000
3829000000
3876000000
3805000000
3614000000
3763000000
3933000000
3936000000
3614000000
3843000000
3726000000
3742000000
3804000000
3761000000
3647000000
3706000000
3715000000
3737000000
3944000000
3718000000
3811000000
3618000000
3678000000
3898000000
3843000000
3726000000
3938000000
3859000000
3643000000
3654000000
3939000000
3693000000
3753000000
3690000000
3846000000
3809000000
3873000000
3945000000
3682000000
3703000000
3647000000
3782000000
3641000000
3813000000
3970000000
3652000000
3617000000
3689000000
3829000000
3861000000
3685000000
3782000000
3837000000
3877000000
3902000000
3762000000
3989000000
3818000000
3946000000
3662000000
3640000000
3820000000
3816000000
3621000000
3828000000
3655000000
3936000000
3849000000
3779000000
3807000000
3716000000
3726000000
3943000000
3837000000
3670000000
3634000000
3926000000
3783000000
3656000000
3665000000
3734000000
3945000000
3735000000
3797000000
3770000000
3993000000
3863000000
3817000000
3818000000
3902000000
3967000000
3936000000
3928000000
3875000000
3783000000
3843000000
3764000000
3650000000
3906000000
3923000000
3853000000
3630000000
3888000000
3881000000
3787000000
3721000000
3904000000
3997000000
3604000000
3816000000
3734000000
3731000000
3724000000
3922000000
3877000000
3778000000
3608000000
3867000000
3895000000
3659000000
3726000000
3625000000
3788000000
3751000000
3739000000
3859000000
3895000000
3991000000
3909000000
3840000000
3936000000
3718000000
4000000000
3692000000
3812000000
3927000000
3768000000
3613000000
3654000000
3810000000
3619000000
3683000000
3824000000
3649000000
3734000000
3607000000
3709000000
3874000000
3994000000
3819000000
3938000000
3697000000
3754000000
3973000000
3853000000
3913000000
3781000000
3653000000
3869000000
3868000000
3851000000
3996000000
3906000000
3669000000
3864000000
3940000000
3771000000
3748000000
3930000000
3783000000
3685000000
3676000000
3685000000
3845000000
3761000000
3683000000
3999000000
3787000000
3686000000
3616000000
3833000000
3682000000
3708000000
3686000000
3923000000
3711000000
3840000000
3907000000
3858000000
3822000000
3648000000
3890000000
3663000000
3934000000
3941000000
3811000000
3743000000
3762000000
3687000000
3988000000
3999000000
3655000000
3837000000
3919000000
3860000000
3953000000
3878000000
3884000000
3671000000
3790000000
3881000000
3730000000
3920000000
3794000000
3706000000
3623000000
3710000000
3828000000
3632000000
3708000000
3956000000
3873000000
3657000000
3716000000
3922000000
3731000000
3951000000
3751000000
3818000000
3752000000
3989000000
3978000000
3891000000
3731000000
3955000000
3777000000
3829000000
3751000000
3965000000
3873000000
3693000000
3883000000
3608000000
3610000000
3606000000
3926000000
3934000000
3830000000
3986000000
3762000000
3844000000
3928000000
3821000000
3631000000
3982000000
3951000000
3713000000
3896000000
3645000000
3605000000
3790000000
3609000000
3907000000
3959000000
3884000000
3842000000
3612000000
3852000000
3781000000
3722000000
3907000000
3921000000
3822000000
3805000000
3839000000
3750000000
3639000000
3709000000
3782000000
3972000000
3845000000
3624000000
3949000000
3734000000
3866000000
3894000000
3604000000
3849000000
3915000000
3810000000
3820000000
3620000000
3930000000
3630000000
3825000000
3878000000
3967000000
3747000000
3928000000
3717000000
3840000000
3699000000
3825000000
3839000000
3665000000
3931000000
3854000000
3972000000
3789000000
3703000000
3827000000
3993000000
3950000000
3735000000
3801000000
3605000000
3800000000
3727000000
3679000000
3634000000
3725000000
3868000000
3626000000
3692000000
3664000000
3943000000
3873000000
3855000000
3844000000
3851000000
3875000000
3999000000
3957000000
3894000000
3635000000
3666000000
3689000000
3956000000
3687000000
3957000000
3949000000
3914000000
3687000000
3896000000
3774000000
3659000000
3852000000
3909000000
3685000000
3602000000
3902000000
3606000000
3943000000
3674000000
3678000000
3883000000
3943000000
3645000000
3958000000
3647000000
3980000000
3658000000
3731000000
3844000000
3615000000
3824000000
3962000000
3625000000
3823000000
3626000000
3646000000
3787000000
3714000000
3730000000
3867000000
3950000000
3760000000
3775000000
3778000000
3861000000
3955000000
3803000000
3692000000
3830000000
3874000000
3674000000
3831000000
3662000000
3816000000
3858000000
3802000000
3925000000
3989000000
3772000000
3628000000
3961000000
3629000000
3961000000
3981000000
3922000000
3879000000
3783000000
3784000000
3864000000
3781000000
3666000000
3927000000
3884000000
3941000000
3970000000
3802000000
3969000000
3924000000
3792000000
3875000000
3902000000
3955000000
3859000000
3906000000
3979000000
3663000000
3775000000
3646000000
3688000000
3768000000
3832000000
3812000000
3730000000
3809000000
3790000000
3821000000
3691000000
3749000000
3765000000
3617000000
3788000000
3988000000
3772000000
3752000000
3620000000
3618000000
3673000000
3705000000
3841000000
3684000000
3990000000
3986000000
3688000000
3930000000
3945000000
3887000000
3878000000
3631000000
3718000000
3722000000
3848000000
3894000000
3968000000
3989000000
3677000000
3864000000
3928000000
3950000000
3779000000
3804000000
3956000000
3831000000
3905000000
3753000000
3974000000
3900000000
3833000000
3688000000
3971000000
3738000000
3655000000
3639000000
3630000000
3806000000
3833000000
3934000000
3998000000
3885000000
3821000000
3998000000
3798000000
3992000000
3986000000
3738000000
3894000000
3685000000
3885000000
3960000000
3635000000
3603000000
3720000000
3988000000
3832000000
3960000000
3938000000
3976000000
3852000000
3756000000
3910000000
3854000000
3771000000
3773000000
3957000000
3756000000
3772000000
3870000000
3967000000
3893000000
3974000000
3854000000
3614000000
3871000000
3650000000
3838000000
3880000000
3735000000
3719000000
3661000000
3656000000
3710000000
3953000000
3685000000
3701000000
3846000000
3811000000
3685000000
3665000000
3635000000
3870000000
3733000000
3955000000
3633000000
3957000000
3631000000
3719000000
3731000000
3758000000
3763000000
3749000000
3840000000
3955000000
3836000000
3679000000
3741000000
3978000000
3708000000
3660000000
3750000000
3842000000
3831000000
3760000000
3980000000
3705000000
3679000000
3633000000
3826000000
3613000000
3681000000
3990000000
3844000000
3954000000
3602000000
3938000000
3946000000
3761000000
3854000000
3976000000
3939000000
3752000000
3620000000
3863000000
3873000000
3906000000
3853000000
3713000000
3772000000
3985000000
3619000000
3926000000
3793000000
3917000000
3992000000
3692000000
3616000000
3959000000
3979000000
3632000000
3995000000
3976000000
3638000000
3720000000
3859000000
3709000000
3764000000
3931000000
3612000000
3871000000
3703000000
3743000000
3663000000
3692000000
3835000000
3791000000
3972000000
3673000000
3943000000
3868000000
3992000000
3972000000
3676000000
3849000000
3723000000
3784000000
8000000
13000000
59000000
36000000
67000000
2000000
36000000
35000000
15000000
82000000
85000000
27000000
10000000
65000000
30000000
51000000
88000000
74000000
15000000
86000000
98000000
43000000
79000000
70000000
87000000
5000000
47000000
78000000
63000000
6000000
13000000
19000000
78000000
7000000
39000000
99000000
94000000
24000000
98000000
49000000
22000000
21000000
34000000
6000000
56000000
78000000
68000000
62000000
41000000
35000000
58000000
78000000
86000000
57000000
19000000
1000000
43000000
8000000
3000000
75000000
28000000
16000000
60000000
69000000
7000000
69000000
34000000
100000000
68000000
28000000
72000000
49000000
35000000
9000000
70000000
64000000
69000000
42000000
82000000
88000000
28000000
59000000
92000000
34000000
27000000
86000000
33000000
66000000
67000000
75000000
17000000
73000000
25000000
60000000
99000000
13000000
17000000
29000000
27000000
23000000
6000000
13000000
94000000
27000000
79000000
73000000
95000000
40000000
78000000
79000000
9000000
21000000
66000000
19000000
78000000
62000000
35000000
61000000
86000000
26000000
3000000
53000000
100000000
66000000
44000000
57000000
94000000
80000000
86000000
95000000
74000000
20000000
19000000
9000000
43000000
12000000
37000000
37000000
99000000
17000000
53000000
89000000
72000000
5000000
88000000
52000000
62000000
51000000
41000000
83000000
61000000
7000000
13000000
95000000
92000000
96000000
95000000
47000000
98000000
51000000
42000000
39000000
94000000
28000000
61000000
35000000
4000000
29000000
55000000
61000000
34000000
29000000
60000000
60000000
79000000
45000000
95000000
67000000
82000000
36000000
78000000
47000000
89000000
33000000
44000000
52000000
46000000
10000000
77000000
58000000
72000000
2000000
52000000
12000000
75000000
26000000
94000000
56000000
54000000
38000000
28000000
51000000
12000000
65000000
27000000
88000000
93000000
7000000
5000000
16000000
56000000
91000000
61000000
97000000
67000000
81000000
25000000
65000000
33000000
1000000
80000000
63000000
11000000
57000000
69000000
42000000
81000000
22000000
18000000
83000000
70000000
13000000
98000000
47000000
97000000
9000000
29000000
57000000
18000000
69000000
10000000
36000000
15000000
29000000
16000000
67000000
3000000
91000000
17000000
16000000
36000000
76000000
99000000
57000000
89000000
83000000
5000000
10000000
28000000
2000000
43000000
28000000
65000000
15000000
53000000
46000000
27000000
29000000
67000000
47000000
91000000
57000000
5000000
12000000
40000000
51000000
29000000
68000000
52000000
51000000
33000000
49000000
18000000
83000000
51000000
37000000
24000000
72000000
96000000
67000000
39000000
30000000
84000000
45000000
31000000
68000000
29000000
16000000
94000000
98000000
82000000
61000000
90000000
63000000
79000000
83000000
9000000
89000000
27000000
40000000
71000000
39000000
61000000
67000000
13000000
59000000
80000000
18000000
42000000
64000000
20000000
16000000
19000000
94000000
38000000
69000000
86000000
58000000
36000000
2000000
66000000
62000000
5000000
28000000
1000000
85000000
13000000
54000000
48000000
43000000
44000000
57000000
26000000
68000000
29000000
36000000
92000000
31000000
87000000
98000000
20000000
95000000
29000000
46000000
57000000
79000000
30000000
68000000
94000000
82000000
49000000
9000000
94000000
53000000
42000000
16000000
19000000
66000000
75000000
37000000
42000000
90000000
54000000
58000000
80000000
21000000
84000000
1000000
88000000
79000000
47000000
39000000
4000000
46000000
93000000
35000000
63000000
75000000
75000000
46000000
64000000
89000000
44000000
29000000
44000000
99000000
98000000
5000000
16000000
22000000
54000000
2000000
61000000
41000000
83000000
74000000
84000000
43000000
13000000
22000000
12000000
52000000
22000000
3000000
98000000
71000000
86000000
93000000
40000000
19000000
72000000
79000000
72000000
51000000
27000000
39000000
99000000
32000000
69000000
67000000
35000000
88000000
88000000
40000000
25000000
85000000
25000000
3000000
9000000
89000000
60000000
24000000
41000000
35000000
93000000
44000000
75000000
64000000
80000000
90000000
69000000
80000000
97000000
72000000
44000000
50000000
77000000
58000000
47000000
71000000
56000000
35000000
41000000
59000000
25000000
47000000
54000000
82000000
48000000
86000000
48000000
72000000
80000000
61000000
90000000
80000000
25000000
58000000
68000000
63000000
97000000
26000000
8000000
81000000
30000000
34000000
53000000
22000000
14000000
16000000
20000000
41000000
32000000
97000000
53000000
56000000
27000000
55000000
47000000
13000000
46000000
46000000
19000000
47000000
59000000
56000000
64000000
12000000
35000000
39000000
18000000
34000000
88000000
60000000
33000000
38000000
89000000
62000000
24000000
46000000
5000000
12000000
45000000
100000000
86000000
7000000
92000000
93000000
6000000
59000000
11000000
66000000
69000000
89000000
65000000
84000000
52000000
18000000
73000000
72000000
41000000
50000000
32000000
95000000
65000000
31000000
21000000
29000000
58000000
35000000
100000000
6000000
33000000
93000000
22000000
9000000
6000000
18000000
100000000
99000000
39000000
81000000
27000000
67000000
94000000
68000000
98000000
64000000
40000000
65000000
61000000
86000000
96000000
49000000
11000000
15000000
23000000
17000000
99000000
6000000
68000000
61000000
73000000
63000000
73000000
26000000
63000000
100000000
89000000
32000000
78000000
37000000
39000000
2000000
87000000
82000000
89000000
47000000
28000000
24000000
59000000
34000000
15000000
44000000
54000000
4000000
39000000
85000000
30000000
21000000
77000000
23000000
58000000
59000000
83000000
3000000
3000000
65000000
29000000
89000000
100000000
36000000
9000000
58000000
55000000
6000000
97000000
42000000
68000000
96000000
99000000
9000000
46000000
85000000
89000000
4000000
62000000
90000000
53000000
86000000
41000000
16000000
45000000
64000000
6000000
97000000
60000000
52000000
29000000
46000000
100000000
9000000
36000000
36000000
30000000
42000000
65000000
77000000
81000000
92000000
87000000
49000000
31000000
11000000
2000000
16000000
65000000
45000000
53000000
44000000
11000000
41000000
90000000
60000000
83000000
37000000
4000000
24000000
49000000
17000000
44000000
82000000
47000000
29000000
53000000
7000000
71000000
98000000
86000000
56000000
88000000
21000000
5000000
48000000
64000000
92000000
25000000
94000000
89000000
34000000
67000000
4000000
84000000
96000000
75000000
92000000
26000000
87000000
34000000
40000000
85000000
36000000
25000000
37000000
71000000
28000000
57000000
9000000
33000000
37000000
54000000
54000000
92000000
27000000
27000000
55000000
69000000
100000000
13000000
78000000
28000000
12000000
20000000
83000000
60000000
22000000
42000000
70000000
8000000
50000000
46000000
68000000
54000000
67000000
32000000
32000000
93000000
41000000
1000000
24000000
11000000
37000000
1000000
8000000
25000000
33000000
72000000
8000000
61000000
29000000
10000000
72000000
23000000
90000000
52000000
32000000
74000000
12000000
33000000
61000000
34000000
15000000
97000000
40000000
17000000
26000000
61000000
95000000
49000000
57000000
73000000
37000000
63000000
35000000
99000000
57000000
88000000
21000000
16000000
12000000
53000000
46000000
44000000
38000000
67000000
56000000
85000000
42000000
81000000
39000000
80000000
49000000
35000000
82000000
2000000
21000000
52000000
72000000
100000000
86000000
23000000
20000000
61000000
46000000
72000000
18000000
74000000
95000000
14000000
99000000
37000000
51000000
64000000
14000000
94000000
51000000
36000000
43000000
58000000
69000000
3000000
10000000
27000000
24000000
88000000
34000000
57000000
48000000
82000000
62000000
83000000
65000000
69000000
29000000
23000000
55000000
61000000
93000000
84000000
47000000
44000000
17000000
7000000
73000000
5000000
11000000
25000000
23000000
51000000
100000000
83000000
41000000
71000000
19000000
1000000
63000000
91000000
15000000
94000000
53000000
70000000
45000000
64000000
15000000
98000000
52000000
12000000
86000000
36000000
3000000
55000000
19000000
13000000
51000000
12000000
80000000
22000000
30000000
16000000
16000000
20000000
13000000
70000000
22000000
16000000
74000000
61000000
96000000
100000000
80000000
59000000
15000000
27000000
54000000
67000000
60000000
50000000
36000000
14000000
77000000
6000000
28000000
63000000
28000000
18000000
27000000
70000000
83000000
30000000
65000000
26000000
13000000
46000000
92000000
55000000
10000000
15000000
97000000
3000000
9000000
98000000
1000000
3000000
88000000
47000000
26000000
53000000
23000000
54000000
97000000
5000000
61000000
10000000
51000000
44000000
95000000
54000000
81000000
78000000
83000000
25000000
36000000
13000000
80000000
63000000
39000000
72000000
36000000
51000000
40000000
57000000
57000000
62000000
95000000
44000000
47000000
69000000
86000000
91000000
39000000
53000000
6000000
71000000
18000000
90000000
52000000
20000000
11000000
93000000
10000000
43000000
64000000
25000000
99000000
85000000
44000000
67000000
72000000
45000000
43000000
16000000
38000000
85000000
4000000
56000000
93000000
42000000
80000000
18000000
56000000
13000000
23000000
24000000
95000000
60000000
39000000
38000000
56000000
51000000
20000000
46000000
20000000
7000000
70000000
22000000
77000000
70000000
74000000
67000000
27000000
55000000
32000000
8000000
10000000
70000000
61000000
37000000
1000000
29000000
16000000
54000000
66000000
68000000
50000000
21000000
19000000
90000000
91000000
21000000
76000000
73000000
43000000
5000000
85000000
20000000
71000000
11000000
8000000
72000000
68000000
8000000
100000000
39000000
41000000
77000000
91000000
58000000
86000000
49000000
1000000
16000000
82000000
9000000
83000000
44000000
87000000
69000000
10000000
85000000
49000000
91000000
53000000
87000000
41000000
22000000
81000000
9000000
80000000
59000000
54000000
7000000
22000000
86000000
79000000
63000000
4000000
49000000
89000000
46000000
18000000
53000000
98000000
82000000
18000000
98000000
25000000
6000000
95000000
21000000
22000000
94000000
81000000
31000000
21000000
36000000
37000000
25000000
61000000
91000000
85000000
45000000
33000000
20000000
43000000
76000000
21000000
45000000
98000000
42000000
82000000
85000000
45000000
68000000
47000000
23000000
74000000
51000000
9000000
22000000
96000000
86000000
57000000
17000000
15000000
31000000
10000000
96000000
15000000
26000000
1000000
54000000
59000000
51000000
68000000
44000000
64000000
84000000
89000000
49000000
91000000
64000000
17000000
36000000
15000000
70000000
48000000
50000000
49000000
29000000
35000000
91000000
27000000
41000000
39000000
10000000
3000000
100000000
81000000
82000000
92000000
12000000
38000000
98000000
22000000
27000000
92000000
36000000
59000000
91000000
36000000
30000000
11000000
48000000
18000000
47000000
36000000
63000000
67000000
23000000
58000000
86000000
46000000
47000000
100000000
57000000
93000000
10000000
13000000
31000000
69000000
82000000
46000000
85000000
91000000
73000000
60000000
39000000
80000000
39000000
61000000
21000000
43000000
37000000
18000000
61000000
22000000
40000000
99000000
58000000
4000000
82000000
16000000
95000000
4000000
47000000
9000000
35000000
76000000
75000000
84000000
38000000
84000000
71000000
36000000
87000000
47000000
75000000
89000000
57000000
74000000
100000000
89000000
61000000
52000000
46000000
6000000
47000000
32000000
15000000
56000000
6000000
80000000
48000000
63000000
58000000
83000000
77000000
48000000
85000000
48000000
27000000
76000000
72000000
22000000
78000000
80000000
45000000
50000000
60000000
10000000
44000000
9000000
35000000
84000000
44000000
56000000
43000000
56000000
71000000
84000000
54000000
96000000
18000000
75000000
99000000
35000000
86000000
59000000
64000000
56000000
68000000
94000000
7000000
97000000
22000000
23000000
33000000
81000000
46000000
91000000
58000000
88000000
9000000
31000000
9000000
36000000
81000000
13000000
62000000
43000000
95000000
86000000
57000000
76000000
57000000
49000000
88000000
54000000
63000000
69000000
7000000
97000000
2000000
49000000
70000000
89000000
26000000
34000000
46000000
80000000
67000000
74000000
70000000
40000000
25000000
44000000
28000000
95000000
14000000
20000000
43000000
80000000
75000000
20000000
32000000
30000000
1000000
51000000
73000000
58000000
34000000
11000000
7000000
99000000
29000000
98000000
17000000
20000000
81000000
89000000
99000000
18000000
41000000
79000000
2000000
92000000
28000000
53000000
36000000
19000000
80000000
36000000
31000000
4000000
79000000
11000000
21000000
20000000
48000000
5000000
41000000
5000000
60000000
32000000
77000000
36000000
82000000
45000000
47000000
21000000
60000000
69000000
20000000
43000000
73000000
43000000
77000000
60000000
37000000
23000000
23000000
13000000
29000000
42000000
43000000
33000000
2000000
10000000
1000000
5000000
9000000
98000000
7000000
21000000
16000000
71000000
31000000
100000000
12000000
40000000
82000000
25000000
55000000
84000000
39000000
3000000
9000000
67000000
11000000
83000000
39000000
86000000
15000000
16000000
37000000
65000000
99000000
90000000
83000000
89000000
47000000
67000000
51000000
25000000
10000000
83000000
40000000
24000000
43000000
5000000
1000000
96000000
27000000
75000000
78000000
96000000
6000000
89000000
12000000
18000000
71000000
44000000
25000000
28000000
45000000
23000000
72000000
9000000
41000000
29000000
21000000
36000000
33000000
90000000
40000000
10000000
23000000
27000000
68000000
91000000
87000000
19000000
36000000
1000000
24000000
97000000
81000000
28000000
20000000
89000000
65000000
26000000
43000000
63000000
88000000
47000000
15000000
57000000
52000000
5000000
73000000
50000000
57000000
55000000
62000000
99000000
90000000
15000000
77000000
70000000
15000000
28000000
28000000
68000000
9000000
23000000
13000000
23000000
13000000
80000000
11000000
64000000
29000000
85000000
37000000
56000000
68000000
100000000
72000000
57000000
43000000
21000000
47000000
61000000
45000000
76000000
62000000
67000000
47000000
32000000
44000000
91000000
6000000
90000000
79000000
69000000
54000000
99000000
21000000
38000000
12000000
12000000
47000000
31000000
56000000
18000000
98000000
40000000
81000000
14000000
59000000
44000000
61000000
87000000
69000000
31000000
31000000
28000000
65000000
41000000
68000000
69000000
19000000
16000000
77000000
48000000
92000000
66000000
98000000
53000000
55000000
84000000
74000000
12000000
88000000
15000000
61000000
71000000
12000000
92000000
85000000
54000000
74000000
92000000
86000000
6000000
4000000
45000000
8000000
72000000
17000000
81000000
27000000
60000000
84000000
88000000
21000000
85000000
81000000
80000000
89000000
31000000
80000000
63000000
24000000
14000000
79000000
12000000
99000000
74000000
43000000
90000000
56000000
25000000
61000000
74000000
79000000
91000000
76000000
35000000
11000000
99000000
29000000
74000000
6000000
35000000
84000000
68000000
75000000
48000000
55000000
48000000
71000000
13000000
79000000
89000000
27000000
80000000
5000000
8000000
42000000
80000000
88000000
35000000
41000000
42000000
23000000
19000000
65000000
23000000
81000000
29000000
55000000
14000000
18000000
72000000
49000000
1603000000
2907000000
1973000000
2494000000
2920000000
2494000000
2943000000
1593000000
1976000000
1758000000
1883000000
2485000000
1877000000
2706000000
1587000000
1508000000
2489000000
2986000000
2137000000
2284000000
1730000000
2314000000
2151000000
2734000000
2417000000
1832000000
2401000000
2899000000
1778000000
2409000000
2778000000
2041000000
1867000000
2858000000
1959000000
1946000000
2864000000
1874000000
2936000000
2897000000
2765000000
2640000000
2505000000
1641000000
2642000000
1976000000
2080000000
1977000000
2098000000
1863000000
2589000000
2353000000
1789000000
2638000000
2540000000
2578000000
2757000000
2192000000
1906000000
2749000000
1889000000
2803000000
1631000000
2786000000
1564000000
2344000000
2114000000
2826000000
2890000000
2268000000
2789000000
2216000000
1546000000
2423000000
2782000000
2934000000
1679000000
2865000000
2582000000
1896000000
2920000000
2618000000
1951000000
1657000000
2131000000
2391000000
1758000000
2580000000
2286000000
2887000000
2322000000
1811000000
2695000000
2980000000
2705000000
1668000000
2838000000
2258000000
1891000000
2135000000
2656000000
2676000000
2809000000
2831000000
1715000000
2280000000
2632000000
1532000000
2439000000
1658000000
1832000000
2327000000
1670000000
2517000000
1804000000
1606000000
1947000000
2804000000
1682000000
2230000000
2234000000
2201000000
2324000000
2840000000
2138000000
2090000000
2654000000
2940000000
2901000000
2122000000
1678000000
2421000000
2569000000
2344000000
1617000000
2046000000
2241000000
1946000000
2973000000
1840000000
2133000000
2866000000
2976000000
1954000000
2322000000
2386000000
2474000000
1852000000
1627000000
2948000000
2164000000
2369000000
2274000000
2107000000
2009000000
2445000000
2904000000
2061000000
2399000000
2421000000
2256000000
1601000000
2803000000
2840000000
1756000000
1694000000
2282000000
2879000000
1831000000
2000000000
2834000000
2786000000
1795000000
2326000000
1690000000
2861000000
2854000000
2598000000
2741000000
1933000000
2129000000
2045000000
2317000000
1982000000
2026000000
2946000000
1879000000
2174000000
2113000000
2114000000
2724000000
2267000000
2619000000
2922000000
1672000000
1596000000
1621000000
1803000000
2625000000
2052000000
1789000000
1880000000
2953000000
2966000000
1915000000
2647000000
2534000000
2127000000
2017000000
2005000000
2478000000
1751000000
2179000000
2054000000
2783000000
2726000000
2043000000
1625000000
2254000000
2122000000
2016000000
1561000000
1790000000
2339000000
2512000000
1551000000
2437000000
1591000000
2869000000
1502000000
2389000000
1697000000
2622000000
1743000000
2759000000
1734000000
1588000000
2924000000
2169000000
1667000000
1824000000
2983000000
1575000000
2588000000
1961000000
2710000000
1790000000
2899000000
1673000000
2952000000
2936000000
1891000000
1765000000
2719000000
2111000000
1797000000
1888000000
2680000000
2953000000
2440000000
2671000000
2112000000
2150000000
2538000000
2807000000
2494000000
2084000000
1842000000
2914000000
2544000000
2561000000
2435000000
1663000000
1593000000
2824000000
2684000000
1518000000
1809000000
2585000000
1780000000
2510000000
2900000000
1851000000
2106000000
1955000000
2488000000
2645000000
2184000000
2796000000
1896000000
2352000000
1944000000
2825000000
1807000000
2680000000
1613000000
2871000000
1549000000
1673000000
2864000000
2865000000
1750000000
2990000000
1692000000
2232000000
1903000000
2224000000
1586000000
2371000000
2540000000
2175000000
1753000000
2747000000
2174000000
2423000000
2395000000
2194000000
1931000000
2053000000
2395000000
2529000000
2326000000
2226000000
1814000000
2528000000
2425000000
1879000000
1661000000
2791000000
2667000000
1850000000
2603000000
2314000000
2711000000
2216000000
2459000000
1673000000
2085000000
2364000000
2122000000
2789000000
2699000000
1875000000
2382000000
1858000000
1954000000
2517000000
2820000000
2138000000
2089000000
2356000000
2124000000
1874000000
2099000000
1789000000
2393000000
2034000000
1886000000
2795000000
1804000000
1912000000
2572000000
2929000000
2909000000
1972000000
1840000000
2562000000
2766000000
2686000000
2756000000
2700000000
3000000000
2644000000
2958000000
2571000000
1830000000
2090000000
1825000000
1753000000
1539000000
2728000000
2428000000
2617000000
2038000000
1870000000
2267000000
1589000000
2734000000
2089000000
1556000000
1570000000
2846000000
2466000000
2762000000
2583000000
2222000000
2594000000
2718000000
2587000000
2066000000
1603000000
1986000000
1580000000
1548000000
1744000000
2038000000
1933000000
2238000000
1772000000
2604000000
1587000000
1601000000
2707000000
2893000000
2723000000
2604000000
2005000000
2628000000
2532000000
2804000000
2121000000
2868000000
1792000000
1669000000
2257000000
1737000000
2246000000
2393000000
1693000000
2357000000
2486000000
1779000000
2658000000
2918000000
2505000000
2815000000
2439000000
1963000000
2949000000
1909000000
2276000000
2546000000
2830000000
1727000000
2327000000
2492000000
2525000000
2827000000
2269000000
1522000000
2156000000
2791000000
2270000000
1830000000
2229000000
2569000000
2820000000
1751000000
1523000000
2281000000
2312000000
2627000000
2995000000
1770000000
2109000000
1939000000
2503000000
1533000000
1525000000
2448000000
2320000000
2988000000
2468000000
1693000000
1724000000
2379000000
1600000000
2323000000
2154000000
2868000000
2000000000
2932000000
2699000000
1806000000
2444000000
1692000000
1689000000
2513000000
2078000000
1783000000
2946000000
1986000000
2316000000
2511000000
2331000000
1582000000
2628000000
2465000000
2638000000
2123000000
1822000000
2415000000
2884000000
2539000000
2785000000
1715000000
1594000000
2037000000
2067000000
2484000000
1992000000
2319000000
2969000000
2197000000
2072000000
2554000000
2189000000
2156000000
1809000000
1642000000
2220000000
2724000000
2935000000
2336000000
1555000000
1650000000
1801000000
2122000000
2946000000
1673000000
2687000000
2208000000
1905000000
2804000000
1958000000
2927000000
2737000000
2343000000
2150000000
2172000000
2658000000
2744000000
2879000000
2772000000
1678000000
2989000000
2578000000
2901000000
2189000000
2697000000
1716000000
2159000000
2937000000
1786000000
2361000000
1897000000
2442000000
2192000000
1562000000
2799000000
1712000000
2041000000
1562000000
2719000000
1695000000
1793000000
2513000000
1877000000
1503000000
1931000000
1818000000
1789000000
1663000000
2114000000
2985000000
2879000000
1853000000
1837000000
1653000000
1657000000
2377000000
1799000000
2332000000
1507000000
2050000000
1938000000
1708000000
1856000000
1564000000
2605000000
1620000000
1797000000
2530000000
2827000000
2522000000
2556000000
2832000000
2298000000
2310000000
2694000000
2145000000
2130000000
1954000000
2274000000
1911000000
2350000000
1532000000
2708000000
1735000000
2258000000
2625000000
1793000000
2921000000
2482000000
1503000000
2817000000
1763000000
1547000000
2998000000
2847000000
2592000000
2171000000
1702000000
1683000000
2517000000
2715000000
2834000000
2485000000
1923000000
2980000000
2151000000
2758000000
2786000000
2256000000
1864000000
2373000000
2859000000
1995000000
2199000000
2230000000
2075000000
2981000000
2659000000
2918000000
2376000000
2827000000
2250000000
1662000000
1502000000
2297000000
2980000000
2579000000
1707000000
2673000000
2587000000
2358000000
2798000000
1629000000
1703000000
1580000000
2529000000
1722000000
2151000000
1624000000
1812000000
2822000000
2794000000
1589000000
2791000000
2461000000
2364000000
2063000000
2278000000
1773000000
1657000000
1914000000
1625000000
1687000000
1563000000
2021000000
1890000000
1711000000
2112000000
2533000000
2372000000
2585000000
1640000000
2337000000
2723000000
1537000000
2396000000
2651000000
2667000000
1635000000
1730000000
2713000000
2864000000
2470000000
2685000000
2912000000
2419000000
1749000000
2715000000
2120000000
2558000000
2904000000
2287000000
2418000000
2213000000
1945000000
1661000000
2540000000
1845000000
1703000000
1923000000
2758000000
2422000000
2185000000
2144000000
2955000000
2046000000
2528000000
2341000000
2176000000
2430000000
2686000000
1927000000
2895000000
2863000000
2971000000
1829000000
2715000000
2694000000
2672000000
2153000000
2880000000
2168000000
2713000000
2718000000
2675000000
2878000000
1955000000
2469000000
2590000000
2035000000
1504000000
2318000000
2791000000
1710000000
2947000000
2674000000
2972000000
2419000000
2027000000
2766000000
2916000000
1976000000
2738000000
2000000000
2170000000
1571000000
2415000000
2070000000
2080000000
1654000000
2365000000
2494000000
1759000000
2519000000
1547000000
2325000000
1503000000
1536000000
2508000000
2107000000
1953000000
2494000000
2451000000
1742000000
1878000000
1714000000
1647000000
1556000000
2999000000
1953000000
2470000000
1809000000
2747000000
1966000000
2028000000
1735000000
2975000000
2173000000
2169000000
2052000000
1571000000
1778000000
1878000000
1867000000
2104000000
2033000000
1917000000
2794000000
1665000000
2282000000
2459000000
1732000000
2759000000
2070000000
1937000000
1535000000
2163000000
1786000000
2042000000
2011000000
1847000000
1952000000
2527000000
2602000000
2536000000
1791000000
1967000000
2111000000
2383000000
2575000000
2074000000
2082000000
2496000000
2867000000
2305000000
1511000000
2136000000
2742000000
2457000000
2939000000
1915000000
2835000000
2983000000
2875000000
2037000000
2661000000
2507000000
1969000000
1512000000
2871000000
2885000000
2266000000
2206000000
2059000000
2880000000
2434000000
1650000000
2927000000
2524000000
1721000000
1854000000
2251000000
1527000000
1738000000
2325000000
1984000000
1579000000
2940000000
2013000000
2759000000
2633000000
2328000000
1568000000
2026000000
2859000000
2181000000
1961000000
1846000000
1768000000
1945000000
2806000000
1900000000
1937000000
2351000000
1627000000
1890000000
1530000000
2352000000
2084000000
2919000000
2040000000
1718000000
2321000000
1883000000
1852000000
1723000000
2706000000
2399000000
2977000000
2464000000
2558000000
2000000000
2023000000
1986000000
2441000000
2119000000
1811000000
1679000000
2871000000
2377000000
2494000000
2116000000
2399000000
2116000000
1617000000
2703000000
2959000000
2875000000
2367000000
2898000000
2240000000
1516000000
1750000000
2370000000
2112000000
2645000000
2236000000
1889000000
1994000000
1701000000
2976000000
1725000000
2212000000
2174000000
1910000000
2338000000
2754000000
2034000000
2239000000
1989000000
2965000000
1804000000
1722000000
2508000000
2658000000
1964000000
2714000000
2037000000
1970000000
2690000000
2904000000
1999000000
1881000000
1999000000
2140000000
2875000000
2946000000
1701000000
2901000000
2472000000
2123000000
2913000000
1818000000
1714000000
2917000000
2673000000
2420000000
2700000000
1872000000
2427000000
1692000000
2400000000
1587000000
2975000000
1708000000
1935000000
1722000000
2079000000
2557000000
2795000000
1839000000
2848000000
2204000000
2230000000
2804000000
2055000000
2454000000
1989000000
2050000000
1818000000
1602000000
2917000000
2054000000
2104000000
1899000000
2728000000
1703000000
2111000000
1906000000
2746000000
1522000000
1844000000
2374000000
2337000000
2983000000
2794000000
2014000000
2646000000
1991000000
1657000000
1708000000
1758000000
2856000000
2313000000
1734000000
2927000000
2349000000
2183000000
2539000000
2726000000
2070000000
2654000000
2273000000
2071000000
1717000000
2194000000
1965000000
2117000000
1756000000
2942000000
2533000000
2212000000
2209000000
2984000000
1849000000
2534000000
2132000000
1932000000
2717000000
2312000000
2088000000
2499000000
2245000000
2577000000
2201000000
1890000000
2437000000
2786000000
2685000000
1661000000
1697000000
1922000000
2947000000
2439000000
2609000000
2390000000
1634000000
2643000000
2398000000
2201000000
1739000000
1803000000
2902000000
2761000000
2840000000
1687000000
1633000000
2792000000
2326000000
2290000000
2067000000
2080000000
2128000000
2887000000
1651000000
2655000000
2541000000
2311000000
2552000000
1593000000
2407000000
2934000000
2939000000
1503000000
2290000000
2120000000
2752000000
2885000000
2425000000
1681000000
1690000000
1730000000
2624000000
2184000000
2148000000
2401000000
1949000000
1651000000
2492000000
2364000000
2582000000
2490000000
1860000000
2898000000
2065000000
2779000000
1659000000
2192000000
2653000000
2382000000
1937000000
1591000000
2205000000
2927000000
1772000000
2327000000
2868000000
2263000000
2932000000
2533000000
2328000000
2969000000
2451000000
2249000000
1656000000
1679000000
1888000000
1971000000
2256000000
2332000000
1979000000
1867000000
2210000000
2864000000
2988000000
2712000000
1807000000
1890000000
2959000000
2506000000
2138000000
1520000000
1543000000
1928000000
2125000000
2459000000
2817000000
1812000000
1821000000
2854000000
2437000000
1568000000
2441000000
1684000000
2901000000
2055000000
2896000000
1596000000
2009000000
2113000000
2501000000
2459000000
2508000000
2405000000
2963000000
2010000000
1874000000
1947000000
2850000000
1983000000
2193000000
2413000000
2698000000
1610000000
2739000000
2951000000
2650000000
2988000000
2480000000
1756000000
2990000000
1979000000
2310000000
2299000000
2055000000
1815000000
2922000000
2540000000
2698000000
2820000000
2997000000
2288000000
2436000000
2148000000
2249000000
2095000000
1702000000
1751000000
1548000000
2819000000
2139000000
1872000000
2130000000
2989000000
1546000000
2866000000
1627000000
2952000000
1843000000
1900000000
2699000000
2463000000
1905000000
2240000000
2780000000
2799000000
1696000000
2016000000
1561000000
1586000000
1802000000
2261000000
2883000000
2381000000
2388000000
2759000000
2265000000
2569000000
2188000000
1865000000
2809000000
1966000000
2263000000
2645000000
2382000000
2286000000
2734000000
2398000000
2204000000
2168000000
2377000000
1749000000
2755000000
2205000000
1944000000
2210000000
2695000000
1858000000
2258000000
2184000000
2428000000
2319000000
1546000000
2547000000
2164000000
2524000000
2740000000
2802000000
2049000000
2921000000
2547000000
2367000000
1544000000
2985000000
2993000000
1844000000
2621000000
2367000000
2995000000
2561000000
1868000000
2626000000
2270000000
2588000000
1723000000
2743000000
1973000000
1760000000
2235000000
1823000000
1513000000
2604000000
2449000000
2737000000
2358000000
2363000000
2669000000
2470000000
2724000000
2354000000
2539000000
1606000000
1596000000
2013000000
2409000000
1570000000
1562000000
2879000000
2694000000
2962000000
2144000000
2901000000
2611000000
2736000000
2081000000
2518000000
2789000000
2916000000
1915000000
1758000000
1950000000
2740000000
1694000000
2087000000
1766000000
2281000000
2406000000
2954000000
1547000000
2731000000
2721000000
2300000000
1970000000
2945000000
1634000000
1849000000
1851000000
2349000000
2372000000
2581000000
1574000000
1925000000
2768000000
2648000000
2846000000
2176000000
2423000000
2175000000
1724000000
2570000000
2326000000
2302000000
1837000000
2146000000
2999000000
2641000000
2541000000
2226000000
1664000000
1998000000
2591000000
2825000000
2657000000
1652000000
1757000000
1801000000
2903000000
2163000000
2148000000
2747000000
1623000000
1710000000
2061000000
2145000000
2269000000
2732000000
1891000000
3000000000
2187000000
1665000000
1900000000
2472000000
2170000000
2342000000
1603000000
2393000000
2496000000
2758000000
2251000000
1905000000
1979000000
2334000000
1984000000
1979000000
2865000000
1885000000
1757000000
2382000000
1881000000
2159000000
2392000000
2402000000
2576000000
1909000000
2829000000
1793000000
2581000000
2696000000
1517000000
1525000000
2712000000
2131000000
2657000000
2864000000
2881000000
2213000000
1681000000
2955000000
2540000000
2364000000
2344000000
2168000000
1838000000
2966000000
2598000000
2863000000
2471000000
2817000000
2129000000
2833000000
1583000000
2349000000
1666000000
2349000000
1629000000
1969000000
2480000000
2859000000
1631000000
2294000000
1694000000
2772000000
2530000000
1598000000
2671000000
1725000000
1570000000
2405000000
1899000000
1923000000
2430000000
2599000000
1998000000
1939000000
2076000000
1642000000
2452000000
2755000000
1965000000
2002000000
2288000000
2757000000
2328000000
1623000000
2759000000
2888000000
2509000000
1723000000
2722000000
2429000000
2646000000
2815000000
1875000000
1926000000
2129000000
1840000000
2966000000
2277000000
2721000000
1883000000
2909000000
1947000000
2463000000
2397000000
1614000000
2223000000
2572000000
1860000000
1823000000
2253000000
1851000000
2949000000
2551000000
1867000000
2148000000
2877000000
2494000000
2186000000
1975000000
2757000000
2163000000
2436000000
1601000000
2371000000
2915000000
1836000000
1782000000
2848000000
2750000000
1905000000
2852000000
2310000000
1577000000
2794000000
1842000000
2993000000
2791000000
2456000000
1992000000
1734000000
2564000000
1930000000
1600000000
2205000000
2681000000
2886000000
1802000000
2860000000
2016000000
1690000000
2310000000
3000000000
1628000000
2432000000
2319000000
1983000000
2649000000
2217000000
2940000000
2426000000
2929000000
1533000000
2121000000
1993000000
2019000000
2177000000
2130000000
2142000000
2124000000
2610000000
2417000000
2439000000
1560000000
2176000000
2437000000
2920000000
1526000000
2239000000
2610000000
1885000000
1898000000
2604000000
2471000000
2050000000
2471000000
2269000000
1501000000
1785000000
2348000000
1513000000
2979000000
2892000000
2850000000
2889000000
2082000000
2301000000
2037000000
2732000000
2466000000
2348000000
2846000000
2711000000
2099000000
2964000000
1775000000
2520000000
1846000000
1617000000
2684000000
1759000000
1805000000
1688000000
2320000000
2539000000
2725000000
1682000000
1849000000
2951000000
2702000000
1836000000
2973000000
2691000000
1591000000
1772000000
2120000000
1584000000
2856000000
1633000000
1550000000
1546000000
2542000000
1931000000
2045000000
2857000000
2407000000
2549000000
1745000000
2137000000
2241000000
2727000000
1600000000
1671000000
1644000000
2153000000
2316000000
2461000000
1706000000
1677000000
2809000000
2025000000
2771000000
2792000000
2708000000
2625000000
2945000000
1982000000
2500000000
2076000000
1754000000
1853000000
2922000000
2934000000
1790000000
2327000000
1708000000
1854000000
2518000000
2405000000
2876000000
2572000000
2177000000
1612000000
2129000000
2584000000
2259000000
1516000000
2744000000
1751000000
2689000000
2701000000
2047000000
1826000000
2760000000
2132000000
1538000000
2882000000
2634000000
1816000000
2593000000
2366000000
1522000000
1672000000
2034000000
2070000000
1928000000
2419000000
2499000000
2439000000
2463000000
2261000000
2584000000
2271000000